ingresos,gastos_comunes,pago_clases,gastos_otros,ahorros,instrumento,estado_civil,hijos,trabajo,credito
1796102,229404,95610,102501,863210,2447914,2,6,2,0
4004324,408035,46967,144977,871243,2958221,0,4,5,0
3834614,573360,86592,122706,985630,1412146,2,3,5,0
1697660,243887,96163,73184,986130,1457046,2,4,2,0
1525376,235916,88420,105621,450429,2565439,1,5,7,1
2893623,476104,80869,123268,720818,1957271,2,3,5,1
1908364,629257,91300,136001,722388,2122436,0,5,1,0
1532268,370602,52136,68149,722858,2353761,1,3,8,0
2258592,362145,55604,85080,641584,1422012,1,2,8,0
2082094,250542,75183,65937,480015,1480261,2,0,1,0
643988,238401,96581,75206,355654,2745871,0,3,4,0
943778,424211,77771,70787,843491,1796718,0,3,6,1
1036452,535058,70277,79961,992917,1246681,0,5,5,1
380326,144853,63356,60647,499569,2598865,0,1,3,0
2973701,349483,29109,99064,873440,1088082,0,1,3,0
1493478,499704,60036,119465,378008,1615279,0,1,2,0
2052744,402288,60759,131363,812509,1463409,1,5,6,1
1910680,336180,38561,109841,942170,1416234,1,2,8,1
1656858,164313,86317,85487,504235,1230762,1,5,6,1
2211517,522644,85454,123883,645953,1892365,1,1,8,1
1546714,480959,68676,123133,804568,2476607,1,1,3,0
2543250,105717,88499,98194,630908,2416232,1,3,5,0
5845225,621815,39630,149378,521858,2988062,1,3,7,0
1225928,255082,33714,104661,666598,2123468,0,5,0,0
847574,585860,75023,122885,976623,1214552,0,2,0,1
1752740,267683,27599,106579,759485,2320978,0,7,4,1
2758080,389150,59120,85798,767201,1159277,2,3,1,0
1226093,362319,90707,85681,726645,1908070,2,6,6,1
2241371,270502,31392,60595,804495,1941142,0,6,1,1
1522843,382098,63729,116363,837576,2271936,1,6,3,1
2410598,216969,69482,137408,819578,2655089,0,1,3,0
1910211,533760,29548,82628,575486,1610055,1,0,7,1
1228927,390224,48781,84789,497506,1835414,0,1,7,0
2435842,474405,57094,98598,513180,1822565,2,0,8,0
1716507,643920,95944,84658,510647,1890791,0,7,2,1
1008383,643448,90833,125751,943830,2604088,0,1,7,0
1534777,398209,35792,65279,358455,1713789,0,4,7,1
784392,435409,90475,125337,720177,2730941,2,7,7,0
2387466,610969,79682,87491,655697,2053403,0,3,7,1
760080,294058,50697,90605,507295,1263283,0,6,2,1
2140232,465907,62688,62188,619583,2446611,1,6,1,1
499305,197641,47888,62306,668417,1778164,2,5,3,0
1515635,453052,54937,106721,856668,1320465,0,0,6,1
1592388,355108,61458,145921,802970,2278855,1,5,3,1
2784517,647350,99830,111006,834455,2465569,0,2,8,0
2032188,331097,99033,137173,970569,2402855,0,0,1,0
2602966,494387,95431,72270,624171,1213838,1,0,0,0
1135767,172486,70641,127600,702190,1543304,2,5,5,1
1331196,611665,41085,129699,826989,1511153,0,0,1,0
1998114,154912,98940,107659,837154,1853706,2,5,1,1
1538812,112820,58151,58655,551146,2686826,2,0,2,1
1544150,182942,26118,82490,442181,1818575,1,7,6,0
2597269,243829,73627,141191,371285,1227741,2,0,5,1
1656311,147553,61897,96234,777305,1991453,2,6,4,0
2115916,121508,25255,129188,775618,1262549,1,1,1,0
2443313,546959,56701,146165,680167,1681764,2,4,6,0
730091,583127,35639,64454,816237,2958850,2,3,2,1
2174483,471966,37378,136022,554500,1630444,0,2,4,0
448664,280165,72903,121458,665073,2520142,1,6,0,0
1396459,370637,58118,86291,514086,1927445,0,7,1,1
1774549,156428,47452,105743,680576,1957916,1,7,1,1
2078793,453140,99832,92312,798137,1639067,0,3,7,0
1045072,185641,56981,117778,620044,2773290,0,4,7,0
375277,611267,35264,126570,696083,1175206,1,0,6,0
2152915,241527,31924,63005,515946,1276880,2,4,8,1
1190353,641863,87596,61049,893102,2471562,1,4,6,0
2145889,442323,94604,145458,666513,2358776,2,0,2,0
472806,291021,41435,81166,904847,2911514,1,1,3,0
1053269,505585,43923,87880,984218,2055590,2,3,2,0
1142169,159838,86414,135133,404611,2693276,0,5,5,1
664242,474485,66388,74109,790733,2697312,1,6,1,0
2714164,229738,87086,96102,782378,1914070,0,4,5,0
2735480,204146,89451,84134,895370,1322202,1,7,3,1
1780087,296012,50262,56366,907244,2431593,2,3,6,0
777941,501886,31563,58194,999342,2198085,1,1,0,0
2282524,364742,35546,114049,955306,2416673,0,3,1,0
2969160,537618,37931,136260,539278,2691910,1,5,1,1
1617282,428603,81328,116758,534547,1108279,2,5,2,0
868408,174362,97854,113113,792546,2959389,2,3,3,0
736573,532107,38945,68942,880114,2847650,0,7,5,0
1222945,178083,71166,106373,616735,1017398,0,6,1,1
634228,288506,65275,140588,575063,1587547,0,5,0,1
715284,240459,74394,145443,617501,2348813,2,0,7,0
2953499,290885,42273,77934,766135,2662896,0,4,2,1
866848,641593,82874,112608,703767,1442004,2,4,7,1
1252275,102929,70258,117267,757827,2984292,0,3,0,1
1827687,341312,94727,141492,805937,2862318,1,3,6,1
798257,323772,52503,143290,741052,2785354,1,4,3,0
2954229,488290,31564,104109,694230,2402406,2,5,1,0
511392,202654,43556,108219,943857,2942505,2,0,3,1
371768,595511,26952,133579,535000,1557274,1,6,4,1
1996947,375465,65362,96840,775974,1960155,2,4,7,0
1380620,141315,84914,64153,468695,1667360,1,3,5,1
1425236,192920,60192,101490,925985,1334336,1,6,4,0
2483100,363544,39085,142359,801151,2438784,0,5,6,0
1306207,438072,98351,143960,948491,1446397,2,0,0,1
1043912,287193,97991,53969,573021,2537375,1,6,6,0
1560662,179498,77189,142394,875817,1705714,2,6,5,1
2605545,367657,86025,102464,844552,1584259,0,7,1,0
2553085,441764,65168,143414,879312,1073696,0,2,2,0
1566528,380266,78238,116229,393707,1693891,1,2,0,1
2520719,147373,37273,145409,836959,1227990,0,5,6,1
615069,449767,64473,84632,877642,2563158,2,7,7,0
1325500,515682,46865,70283,697856,1148474,1,3,5,1
722984,522480,49326,129848,404020,1092620,0,2,8,0
1342303,159131,35411,123100,875770,1850581,1,7,5,0
382343,530749,79088,135339,386241,1568379,2,0,8,0
530706,467461,62085,118731,835675,2923134,2,6,1,0
522713,240575,50834,51894,981544,1850960,0,2,1,0
2128060,645863,32746,77262,416181,2891787,0,1,5,0
2072788,213137,44801,75617,642985,1454193,0,0,8,0
1782351,234081,58605,97564,954952,1508571,1,0,4,1
2807651,539191,59033,125769,666176,2258223,0,7,5,1
2563635,194757,68731,64159,972748,1678661,2,0,7,0
538390,312026,61312,63067,862166,2523595,1,4,3,0
2157581,100036,95848,131847,827851,1629098,2,2,3,0
1419905,238406,81255,51433,857032,2419945,1,4,7,1
2338635,573578,89587,137019,393843,2388224,1,3,4,0
1731309,571892,90070,143997,686349,2247945,2,6,2,0
1272056,178021,86023,111495,869881,1433112,2,3,1,1
620300,155976,82086,73473,626899,2671312,1,3,5,0
1545205,214308,29982,118603,394936,1638988,2,6,0,1
2481886,544554,59827,95899,660923,1362848,2,3,2,1
2601125,425717,60909,119504,838282,2705492,1,0,1,1
595719,187628,33845,75546,605895,1105759,0,0,5,0
1693434,149472,41886,135464,491253,2756553,2,4,7,0
1421838,428122,47586,149026,605013,2145699,0,3,1,0
1320677,334463,26836,113145,378482,2325084,1,2,8,0
2841237,540212,76952,64166,825336,1504286,0,2,4,1
2554473,286849,96794,56676,726079,1444976,0,7,3,0
2771126,638836,54468,131947,502056,1733722,0,6,2,1
2659679,611222,98270,92489,653895,2937444,0,7,4,0
612657,107659,33355,82001,463141,2358722,1,6,7,1
2267281,542142,49346,56559,876359,2392261,0,0,6,1
1755562,330724,94891,68954,521735,1226454,0,3,7,1
2496411,358362,66367,135866,474451,2701656,1,1,5,1
1910531,513023,33796,122277,985424,2470494,0,1,8,0
2152170,252161,80546,62547,436608,1478696,2,3,6,1
859161,634918,56822,114868,712928,2479294,2,1,0,1
1501065,577340,92122,78723,521766,1052462,0,2,8,0
2801504,259010,56836,115205,803492,1725079,2,4,0,1
571259,414303,88463,99724,513536,1591046,2,4,6,0
2437682,137836,59368,93639,777785,2863310,2,6,4,1
1538696,434065,38361,72485,861344,2388309,2,7,1,0
1189108,212131,59313,132026,462388,2718091,1,3,0,0
1159253,296119,86751,136542,691913,1547229,1,4,6,0
1610392,152879,95127,74978,644450,2413277,0,2,1,1
931988,140834,44525,100288,418434,2523215,0,4,2,0
2345407,179777,47750,60977,443402,1912938,1,4,7,0
2133897,575574,71684,71751,587035,2930165,2,5,4,0
1853406,244392,91840,65937,507849,2866577,2,0,3,1
2709766,369511,83405,104569,677668,1858576,2,1,5,1
2418624,286769,97453,69727,735078,1114697,0,0,6,0
1015144,260319,28068,83866,642045,1546599,1,2,3,0
712320,203895,57095,56125,978098,2729925,0,6,6,0
2035615,385706,73765,124826,497156,1283905,0,3,2,1
1384856,303884,26788,103048,946869,1246200,1,5,2,0
2346618,554836,79397,52010,685433,1432044,1,0,8,0
1496047,122590,40123,147228,623298,1085751,2,1,1,1
2520883,412363,76850,136257,479288,1191796,1,3,0,1
1990416,602503,79567,138917,862876,1846265,0,5,1,1
2686716,564609,38949,130716,772087,2282269,2,3,3,1
2043806,649586,52993,116249,754649,2198678,1,0,2,1
931160,157494,39369,79666,979442,1415812,2,4,0,1
1838477,242695,99520,116456,977367,2704318,2,3,1,0
2113923,140675,77505,84319,881825,2722925,1,7,1,1
1702989,300479,67720,56692,455485,1464379,1,1,8,1
1874045,424044,86475,142808,475353,2070261,2,5,0,0
914040,168830,96689,127366,758213,2369462,2,6,4,0
2900354,590336,45277,75247,446096,2369007,1,0,7,1
1482756,552051,59782,114470,606416,1998064,1,5,5,1
2526515,314706,79325,116695,487725,1377437,0,4,6,0
592070,131270,38314,54938,569766,2888572,0,1,6,1
2434182,451421,86525,86748,964327,1003192,0,5,5,0
2586040,587980,48604,119726,549927,1996144,1,5,7,0
1550806,522629,70700,87940,684185,1660937,1,7,0,0
1268622,552600,91818,131460,993533,1209215,0,2,5,0
2697129,528516,76703,90402,656585,2359348,2,7,8,1
754539,207448,45779,95465,732198,1555538,1,2,7,1
2895145,624769,26314,135995,408587,2016308,2,5,0,0
1114261,409634,86885,141563,517311,2982875,0,1,3,1
2056052,309031,87526,99814,529723,2652211,1,1,5,1
1784142,461562,77567,93517,637992,1873039,0,3,1,1
2418122,432034,74571,89918,438227,2733016,1,5,6,0
863031,122157,55142,98579,440122,2680836,2,3,2,0
569642,476315,78772,87185,542020,2357061,1,3,8,1
2980267,523918,39461,132265,851719,1722525,1,5,4,0
2873798,628857,49556,79507,922186,2154438,1,5,1,0
589965,586477,67099,86894,565217,1330215,0,5,5,1
2636587,286935,27208,97253,792673,2482595,0,3,8,0
785876,515868,80783,147935,749697,2148630,0,7,2,0
606856,212820,36824,58971,435971,2008959,1,5,8,0
1552191,208841,42997,96040,424293,1192606,1,4,6,1
649433,585028,90989,144243,713948,2090957,2,0,7,0
808875,467754,39527,134868,551868,2862541,0,0,0,0
2925887,561910,86357,146611,568759,1963074,0,6,7,1
2675585,116588,31672,60715,846134,1983364,1,6,1,1
1669762,600986,82542,109778,897630,2176338,0,0,2,0
2167154,127123,65773,119498,605744,2596796,0,7,1,1
2514230,420450,69776,68781,384642,1147443,0,6,6,0
1300302,297936,61970,76149,634689,2029958,2,2,4,1
1135788,275469,29200,71487,433545,2127140,1,2,3,0
2835189,161385,56170,53898,964073,2636757,1,0,6,0
425934,421763,37562,95636,565454,1720704,0,4,1,0
794027,257319,78121,100004,628962,1066100,1,6,4,0
1083864,151256,29565,121319,860544,1503506,2,7,1,1
2090270,257928,41694,114941,966963,1859432,2,1,1,1
2238037,639582,74095,135174,724835,2467668,0,5,8,1
2890811,206647,47743,59551,845624,1364319,1,2,4,0
2699643,452147,43829,80710,444298,1619752,2,7,2,0
379850,618662,43826,149940,629242,2443837,1,3,1,1
2928362,441617,70714,102394,816849,2500633,1,0,5,0
1720921,410548,82297,146770,464071,2631578,0,4,6,0
705029,215125,49223,139735,642570,2803067,1,4,5,1
2108022,491374,43978,144323,909375,2676987,0,1,5,1
359633,235886,92685,121028,827641,2652295,1,2,7,0
1144777,482784,26701,139418,482621,1044280,2,1,1,1
2581228,585122,82937,63187,770696,2617658,0,7,8,1
2995577,112379,36471,120985,838920,1264784,0,5,4,0
2227485,316854,70263,70772,692789,2228751,0,4,2,1
1715365,475478,67924,149538,600946,1163017,2,0,7,0
1318049,130472,85436,110560,545540,1474989,0,4,2,0
899309,646104,96814,128355,744415,1953817,2,4,1,0
2499395,104035,81676,108142,807704,2483220,1,2,0,1
2300299,620457,32262,86632,889446,1842190,0,3,2,1
1440963,347775,91122,135286,928841,2198266,1,4,2,0
1312755,612559,41436,95591,451849,1810983,0,6,2,0
1274825,121258,81969,57359,994437,1955200,0,5,2,1
2396909,448422,71728,89717,458904,1849133,0,7,0,0
1998754,520187,85683,85560,908189,2302420,0,2,4,0
2033144,623983,94345,77149,873473,1144240,0,0,3,0
2072888,595859,69180,98576,685088,2047913,1,2,8,0
2698553,503377,86008,125517,538765,2399897,0,6,8,0
877801,564366,96322,62269,922847,2259842,2,2,6,0
2304372,438515,47431,144560,947504,1371867,0,0,2,1
411586,603520,42943,133549,520262,2707079,1,3,7,0
517681,233999,40685,108005,405725,1483124,0,7,8,1
1006629,288515,38152,101979,647408,2370262,1,6,2,0
1782905,177176,48873,90473,768950,2076166,1,1,2,1
1659547,278432,98886,65850,373697,1808341,0,3,7,1
1348805,271040,41802,87732,577878,2937874,0,3,0,0
508088,305597,47831,87505,772478,1194075,1,3,2,0
596045,444457,40055,78516,382855,2407222,2,7,1,0
629804,455325,40728,77557,933281,1835560,1,1,7,1
1536878,140819,37028,68521,813691,2689119,0,7,1,1
1419991,212883,29344,52288,658778,2595564,1,1,8,1
2996708,383435,64544,127512,923754,2696310,0,0,2,1
1240286,605075,81390,116768,952512,2387001,2,2,7,0
2822682,134488,27794,121975,733382,1251355,0,4,5,0
1954933,621720,97304,66106,359890,2743961,2,2,4,1
784944,500705,56848,138925,764912,1090303,0,4,8,1
1724756,285774,93677,105502,608988,1579785,1,7,4,0
1600668,530365,48160,79417,633569,1271063,0,6,4,0
2945873,432607,66900,84598,861050,1684485,1,4,7,1
595564,158943,39128,57143,543322,1392115,2,4,4,0
1738847,393275,39476,84918,815561,2265823,0,4,2,1
1637657,454992,58423,98021,630436,1941196,0,3,0,0
2134443,371094,96654,139390,365320,1090287,1,0,5,0
